{
  "advancedEditorSelectedIdentifier" : "ProjectBrowser",
  "openSceneRelativePaths" : [
    "Immersive.usda",
    "Scene.usda"
  ],
  "recentIdentifiers" : {
    "D66134B1-3681-4A8E-AFE5-29F257229F3B" : [

    ]
  },
  "sceneCameraHistory" : {
    "AF09ED6F-1707-48FD-8720-65B998362C09" : [
      {
        "date" : 719922595.553856,
        "title" : "Untitled",
        "transform" : [
          0.99999994,
          0,
          -0,
          0,
          -0,
          0.86602575,
          -0.49999943,
          0,
          0,
          0.49999943,
          0.86602575,
          0,
          0,
          3.5934074,
          4.106624,
          1
        ]
      }
    ],
    "B4B72600-7B1F-4B19-B32B-F72822A82CD4" : [
      {
        "date" : 719922748.700504,
        "title" : "Untitled",
        "transform" : [
          0.63172275,
          9.064825e-09,
          -0.77519435,
          0,
          -0.081451654,
          0.9944646,
          -0.06637672,
          0,
          0.7709033,
          0.10507253,
          0.6282259,
          0,
          2.4197464,
          0.32980588,
          1.9719042,
          1
        ]
      },
      {
        "date" : 719922745.23525,
        "title" : "Untitled",
        "transform" : [
          0.99999994,
          0,
          -0,
          0,
          -0,
          0.8660254,
          -0.49999994,
          0,
          0,
          0.49999994,
          0.8660254,
          0,
          -2.980232e-08,
          1.569422,
          2.71832,
          1
        ]
      }
    ],
    "D66134B1-3681-4A8E-AFE5-29F257229F3B" : [
      {
        "date" : 719923077.458789,
        "title" : "Untitled",
        "transform" : [
          0.8482645,
          -7.6917317e-10,
          -0.5295727,
          0,
          -0.030433906,
          0.99834734,
          -0.04874874,
          0,
          0.5286975,
          0.057468787,
          0.84686255,
          0,
          0.13314235,
          0.123265974,
          0.48798195,
          1
        ]
      },
      {
        "date" : 719923057.785858,
        "title" : "Untitled",
        "transform" : [
          0.16939548,
          2.1451615e-10,
          -0.98554814,
          0,
          -0.025590098,
          0.9996629,
          -0.004398412,
          0,
          0.9852159,
          0.025965346,
          0.16933838,
          0,
          0.488552,
          0.1232666,
          0.21307099,
          1
        ]
      },
      {
        "date" : 719923046.485074,
        "title" : "Untitled",
        "transform" : [
          0.99992794,
          -5.9030225e-11,
          0.0120023955,
          0,
          0.004165013,
          0.93785954,
          -0.34699017,
          0,
          -0.011256563,
          0.3470151,
          0.937792,
          0,
          0.031391636,
          0.16160408,
          0.4373673,
          1
        ]
      },
      {
        "date" : 719922930.901464,
        "title" : "Untitled",
        "transform" : [
          0.99992794,
          -5.9030225e-11,
          0.0120023955,
          0,
          0.004165013,
          0.93785954,
          -0.34699017,
          0,
          -0.011256563,
          0.3470151,
          0.937792,
          0,
          -0.0046379995,
          0.14297934,
          0.386595,
          1
        ]
      },
      {
        "date" : 719922928.950362,
        "title" : "Untitled",
        "transform" : [
          0.99999994,
          0,
          -0,
          0,
          -0,
          0.8660254,
          -0.49999994,
          0,
          0,
          0.49999994,
          0.8660254,
          0,
          0,
          0.20601311,
          0.35702527,
          1
        ]
      }
    ]
  },
  "selectedSceneRelativePath" : "Scene.usda"
}